image: unreal.png
resolution: 0.03125
origin: [-10.328125, -2.0, 0.0]
negate: 0
occupied_thresh: 0.65
free_thresh: 0.196
unreal_origin: [88300.0, -40950.0, 6200.0]
